0001
0000
0001
0100
0101
0000
0301
0400
0401
0000
0001
0100
0101
0200
0201
0300
0301
0400
0401
0500
0501
0600
0601
0700
0701
0800
0801
0900
0901
0000
0001
0100
0101
0200
0201
0300
0300
0301
0400
0401
0500
0501
0600
0601
0700
0701
0800
0801
0900
0901
0000
0001
0100
0101
0200
0201
0301
0400
0401
0500
0501
0600
0601
0700
0701
0800
0801
0900
0901
0A00
0A01
0B00
0B01
0000
0001
0100
0101
0200
0201
0300
0001
0100
0101
0200
0201
0300
0301
0400
0401
0000
0601
0700
0701
0800
0801
0900
0901
0000
0001
0100
0101
0200
0201
0300
0301
0400
0401
0500
0501
0600
0801
0900
0901
0A00
0A01
0B00
0B01
0C00
0C01
0D00
0D01
0E00
0E01
0000
0001
0100
0101
0200
0201
0300
0301
0400
0401
0500
0501
0600
0601
0700
0701
0800
0001
0100
0101
0000
0301
0400
0401
0000
0001
0100
0101
0200
0201
0300
